10% higher wheel slip
k_t = 0.73574
wheel_t = 31.7436
acc_t = 3.76

min
k_t = 0.7356
wheel_t = 28.6
acc_t = 3.74

min braking dist
k_b=0.7268
veh_dist=102.187699538084 m
b_t=7.7262652056297 s